Supplemental results for CODEML (seqf: codon.phy  treef: tree.phy)


pairwise comparison (Goldman & Yang 1994)
seq seq        N       S       dN       dS     dN/dS   Paras.
  2   1    244.0     56.0   2.1441  79.8982   0.0268  50.0000   0.4000   0.0268 +--1.0000  -807.631
  3   1    247.4     52.6   1.5752  23.6869   0.0665  16.3576   0.4000   0.0665 +-0.9860  -797.834
  3   2    240.9     59.1   1.0724   2.7493   0.3901   4.2086   0.6514   0.3901 +-0.1864  -785.829
  4   1    226.7     73.3   1.8748  62.4331   0.0300  50.0000   1.9960   0.0300 +-0.0491  -799.493
  4   2    247.0     53.0   1.2254   5.1912   0.2361   5.7782   0.4000   0.2361 +-0.1755  -785.081
  4   3    230.3     69.7   0.7006  69.4062   0.0101  50.0000   1.9091   0.0101 +-0.0282  -750.495
  5   1    224.0     76.0   2.2392   3.0334   0.7382   7.3213   2.3465   0.7382 +-0.4175  -796.392
  5   2    234.7     65.3   0.9478  73.1988   0.0129  50.0000   1.1830   0.0130 +-0.0290  -775.211
  5   3    226.2     73.8   1.0162  64.6056   0.0157  50.0000   2.3084   0.0157 +-0.0232  -772.057
  5   4    241.4     58.6   0.7478   5.8788   0.1272   5.2498   1.1274   0.1272 +-0.0888  -746.216
  6   1    232.6     67.4   1.8086  67.9192   0.0266  50.0000   1.0451   0.0266 +--1.0000  -803.787
  6   2    220.5     79.5   2.6239   9.9220   0.2644  13.6743   2.9389   0.2645 +-0.2648  -802.438
  6   3    243.7     56.3  12.7791   0.8670  14.7397  31.6261   0.4000  14.7397 +--1.0000  -801.431
  6   4    235.5     64.5   1.8231   7.2526   0.2514   8.9690   1.5083   0.2514 +-0.3442  -787.753
  6   5    239.6     60.4   1.8666   2.4971   0.7475   5.9806   0.8912   0.7475 +-0.5033  -785.753
  7   1    244.7     55.3   1.8497  82.2661   0.0225  50.0000   0.4000   0.0225 +-0.0452  -804.293
  7   2    234.8     65.2   1.0930   4.0345   0.2709   5.1981   0.8485   0.2709 +-0.1539  -792.520
  7   3    226.5     73.5   1.3400   4.0470   0.3311   6.0088   2.0021   0.3311 +-0.2709  -791.138
  7   4    234.5     65.5   1.0640  10.4006   0.1023   9.3048   1.0408   0.1023 +-0.1342  -787.757
  7   5    222.5     77.5   1.0548  61.4854   0.0172  50.0000   2.2869   0.0172 +-0.0553  -777.981
  7   6    231.5     68.5   1.6067  67.5274   0.0238  50.0000   0.9708   0.0238 +-0.0509  -803.166
  8   1    250.4     49.6   2.0550  90.3963   0.0227  50.0000   0.4000   0.0227 +-0.0666  -793.339
  8   2    242.7     57.3   1.0169  83.0174   0.0122  50.0000   0.6435   0.0123 +-0.0261  -783.735
  8   3    236.5     63.5   1.0851  58.8856   0.0184  39.9749   2.1232   0.0184 +-0.0474  -771.140
  8   4    236.6     63.4   0.8388  75.6987   0.0111  50.0000   1.0402   0.0111 +-0.0129  -774.972
  8   5    228.3     71.7   0.9814  66.5654   0.0147  50.0000   1.6950   0.0147 +-0.0224  -775.449
  8   6    228.1     71.9   1.8270  63.7353   0.0287  50.0000   1.6140   0.0287 +-0.0459  -797.951
  8   7    232.3     67.7   0.3341  72.7598   0.0046  50.0000   2.1197   0.0046 +-0.0066  -690.871

