

2 (normal_MH0058|normal_MH0058.peg.10459) ... 1 (normal_MH0058|normal_MH0058.peg.10458)
  0  0.0000    906.719431  x:  1.52133   1.46365   0.45535  
  1 99.0000    818.195035  x:  6.83688   0.40000   3.90875  
  2 98.6729    810.533990  x:  9.47373   2.63620   1.02461  
  3  3.7027    809.973597  x:  9.74710   2.11927   0.50728  
  4  1.2266    808.520562  x:  9.74724   0.83940   0.21897  
  5  3.1775    808.218995  x:  9.71524   0.47407   0.18934  
  6 12.1657    807.974400  x:  9.69907   0.40000   0.20422  
  7  1.2247    807.702135  x:  9.66330   0.40000   0.28452  
  8  0.0305    807.700577  x:  9.70284   0.40000   0.28109  
  9  0.0050    807.691528  x: 10.14543   0.40000   0.24711  
 10  0.4629    807.681196  x: 10.72342   0.40000   0.23477  
 11  0.0903    807.678601  x: 11.06626   0.40000   0.21456  
 12  0.3249    807.677451  x: 11.57113   0.40000   0.19604  
 13  0.1831    807.676936  x: 11.69183   0.40000   0.19498  
 14  0.1556    807.676641  x: 12.00543   0.40000   0.18459  
 15  0.2107    807.676530  x: 12.31906   0.40000   0.17537  
 16  0.2943    807.675505  x: 13.46680   0.40000   0.15107  
 17  0.1435    807.675196  x: 13.75373   0.40000   0.14479  
 18 71.0733    807.675043  x: 14.04067   0.40000   0.13910  
 19  0.5508    807.673929  x: 14.86144   0.40000   0.12622  
 20  0.1888    807.670124  x: 16.50772   0.40000   0.10713  
 21  1.0569    807.668414  x: 16.89036   0.40000   0.10590  
 22  1.2070    807.665225  x: 18.21036   0.40000   0.09310  
 23  2.3575    807.664747  x: 18.60979   0.40000   0.08984  
 24  1.0672    807.661062  x: 20.20752   0.40000   0.07995  
 25  1.0718    807.657892  x: 21.23600   0.40000   0.07673  
 26  0.9096    807.654618  x: 22.77250   0.40000   0.06860  
 27  3.2255    807.654171  x: 23.28527   0.40000   0.06632  
 28  1.2202    807.651181  x: 25.33639   0.40000   0.05929  
 29  1.0567    807.648641  x: 26.24110   0.40000   0.05793  
 30  0.8910    807.646350  x: 28.06192   0.40000   0.05254  
 31  2.5916    807.645869  x: 28.91562   0.40000   0.05039  
 32  1.4342    807.642448  x: 32.33044   0.40000   0.04396  
 33  1.2460    807.641244  x: 32.58910   0.40000   0.04416  
 34  0.5592    807.639585  x: 35.01197   0.40000   0.04017  
 35  1.9092    807.638998  x: 36.39660   0.40000   0.03824  
 36  1.5983    807.635148  x: 41.93514   0.40000   0.03258  
 37  2.0221    807.634899  x: 41.95125   0.40000   0.03277  
 38  0.0633    807.633768  x: 44.81853   0.40000   0.03020  
 39  2.3789    807.633406  x: 46.15727   0.40000   0.02914  
 40  2.4524    807.631704  x: 50.00000   0.40000   0.02670  
 41  2.4979    807.631704  x: 50.00000   0.40000   0.02670  
 42  0.0072    807.631500  x: 50.00000   0.40000   0.02684  
 43  2.8906    807.631500  x: 50.00000   0.40000   0.02684  

3 (normal_MH0048|normal_MH0048.peg.5129) ... 1 (normal_MH0058|normal_MH0058.peg.10458)
  0  0.0000   1005.655469  x:  1.60664   1.21899   0.04405  
  1 99.0000    854.965008  x:  1.63671   1.20731   0.88670  
  2 2338.9091    799.242847  x:  5.69528   0.80574   0.84054  
  3 59.7474    799.240947  x:  5.69228   0.77510   0.83987  
  4  0.0891    799.208454  x:  5.69264   0.76961   0.82843  
  5  0.0016    798.372844  x:  5.70177   0.62012   0.43176  
  6  2.6700    798.355977  x:  5.75755   0.67255   0.41297  
  7  0.0514    798.315196  x:  5.93587   0.68795   0.43530  
  8  0.0973    798.156528  x:  6.49122   0.53228   0.30430  
  9  0.4301    797.977404  x:  8.29355   0.44733   0.18292  
 10  0.3353    797.965172  x:  8.35246   0.45432   0.18972  
 11  0.5243    797.925557  x:  9.19815   0.47304   0.15286  
 12  0.6906    797.898670  x: 10.13550   0.44526   0.12823  
 13  0.5186    797.877046  x: 10.60110   0.42848   0.12614  
 14  1.0167    797.862108  x: 11.40662   0.41737   0.10914  
 15  0.8862    797.857483  x: 11.96182   0.41780   0.10059  
 16  0.5634    797.847232  x: 12.71292   0.43062   0.09511  
 17  0.5462    797.841915  x: 13.34416   0.41605   0.08718  
 18  0.9592    797.839667  x: 13.70770   0.40000   0.08370  
 19  0.4611    797.836399  x: 14.65015   0.40000   0.07629  
 20  0.9155    797.835084  x: 14.76775   0.40000   0.07638  
 21  0.2555    797.834245  x: 15.23817   0.40000   0.07298  
 22  0.4266    797.833953  x: 15.70858   0.40000   0.06984  
 23  0.6313    797.833647  x: 15.87392   0.40000   0.06927  
 24  0.0913    797.833546  x: 16.12745   0.40000   0.06772  
 25  0.2764    797.833527  x: 16.27903   0.40000   0.06687  
 26  0.1630    797.833519  x: 16.34864   0.40000   0.06656  
 27  0.0488    797.833518  x: 16.35770   0.40000   0.06650  
 28  0.0099    797.833518  x: 16.35765   0.40000   0.06650  
 29  0.0001    797.833518  x: 16.35766   0.40000   0.06650  
 30  0.0000    797.833518  x: 16.35765   0.40000   0.06650  
 31  0.0000    797.833518  x: 16.35765   0.40000   0.06650  
 32  0.0000    797.833518  x: 16.35765   0.40000   0.06650  
check convergence!


3 (normal_MH0048|normal_MH0048.peg.5129) ... 2 (normal_MH0058|normal_MH0058.peg.10459)
  0  0.0000    822.361108  x:  2.61734   1.05361   0.12676  
  1 99.0000    791.158144  x:  2.65678   1.03270   0.68102  
  2 344.4657    786.402154  x:  3.89690   0.83010   0.62101  
  3  9.8113    786.388300  x:  3.88841   0.76263   0.61759  
  4  0.2998    786.093647  x:  3.92819   0.72403   0.53881  
  5  0.0120    785.865018  x:  4.01211   0.67203   0.41727  
  6  0.3395    785.836456  x:  4.15921   0.69671   0.39913  
  7  0.0568    785.829554  x:  4.20373   0.65100   0.38966  
  8  0.0581    785.829498  x:  4.20608   0.65136   0.39061  
  9  0.0039    785.829492  x:  4.20856   0.65143   0.39007  
 10  0.0024    785.829492  x:  4.20858   0.65140   0.39007  

4 (normal_MH0027|normal_MH0027.peg.1804) ... 1 (normal_MH0058|normal_MH0058.peg.10458)
  0  0.0000    841.219421  x:  2.37268   1.24750   0.35060  
  1 99.0000    812.802705  x:  6.94902   0.40000   8.87672  
  2 71.3358    801.319564  x: 28.94153  11.25447   0.60607  
  3  3.2353    801.062077  x: 29.39987  11.46263   0.39977  
  4  5.2573    801.059959  x: 29.29695  11.48615   0.40305  
  5  0.0132    801.025920  x: 26.90883  12.02327   0.48961  
  6 126.2188    801.013215  x: 25.71640  12.19213   0.55698  
  7  0.3667    800.994572  x: 25.71511  11.99308   0.59872  
  8  0.2034    800.991159  x: 25.07417  12.03851   0.63790  
  9  0.6070    800.990115  x: 24.64740  11.97195   0.66939  
 10  0.1880    800.988773  x: 24.68517  11.80077   0.66210  
 11  0.0517    800.970571  x: 23.06722  10.86237   0.66036  
 12  0.2338    800.970571  x: 23.06722  10.86237   0.66036  
 13 24.5195    800.967058  x: 23.06486  10.86344   0.62861  
 14  0.2075    800.964306  x: 23.05625  10.70365   0.60401  
 15  0.0202    800.957806  x: 22.98128   9.66110   0.48972  
 16  0.5570    800.957371  x: 22.96910   9.64277   0.49618  
 17  0.0310    800.954246  x: 22.76686   9.13314   0.45323  
 18  0.0687    800.954246  x: 22.76686   9.13314   0.45323  
 19  2.7514    800.954217  x: 22.76487   9.13326   0.45158  
 20  0.0226    800.949407  x: 22.47235   9.12422   0.46410  
 21  0.0366    800.927894  x: 20.47868   9.05849   0.55105  
 22  9.3068    800.923912  x: 19.76477   8.97769   0.60305  
 23  0.3426    800.922208  x: 19.94314   8.94059   0.60251  
 24  0.2659    800.914780  x: 18.85114   8.52976   0.63804  
 25  0.1459    800.885656  x: 14.65137   6.49070   0.70567  
 26  2.8554    800.749369  x:  8.20760   2.88572   0.75604  
 27 14.9735    800.747871  x:  7.99772   2.76143   0.75682  
 28 63.5418    800.635612  x:  7.50226   2.02383   0.70296  
 29  0.5682    800.231132  x:  7.38248   1.55766   0.40450  
 30  0.3838    800.153898  x:  7.86568   1.73464   0.34051  
 31  3.8054    800.098798  x:  8.36904   1.94419   0.36151  
 32  1.3450    800.014042  x:  9.21077   1.81622   0.26278  
 33  0.6158    799.924670  x: 11.02773   1.58593   0.18116  
 34  0.4694    799.909646  x: 11.23929   1.62924   0.18745  
 35  0.7689    799.853202  x: 12.68931   1.82465   0.15446  
 36  2.8961    799.827812  x: 13.97863   1.87756   0.13299  
 37  0.8931    799.706532  x: 21.74917   2.20800   0.08334  
 38  2.2325    799.693054  x: 21.69261   2.11514   0.08460  
 39  0.1939    799.649609  x: 22.62403   1.85371   0.07204  
 40  4.6043    799.637939  x: 24.33946   1.85378   0.06458  
 41  1.0883    799.606603  x: 28.51934   1.96033   0.05451  
 42  2.6227    799.589942  x: 29.40057   1.99511   0.05524  
 43  1.7255    799.567434  x: 32.92796   1.95394   0.04669  
 44  3.0399    799.558827  x: 35.44065   1.93874   0.04228  
 45  2.4321    799.511850  x: 50.00000   1.78687   0.02817  
 46  3.2773    799.508280  x: 50.00000   1.79898   0.02875  
 47  5.0116    799.508280  x: 50.00000   1.79898   0.02875  
 48  0.1203    799.507997  x: 50.00000   1.79899   0.02861  
 49  3.9903    799.493055  x: 50.00000   1.99574   0.02999  
 50  0.1605    799.493040  x: 50.00000   1.99576   0.03003  
 51  0.0000    799.493040  x: 50.00000   1.99604   0.03003  

4 (normal_MH0027|normal_MH0027.peg.1804) ... 2 (normal_MH0058|normal_MH0058.peg.10459)
  0  0.0000    860.754145  x:  2.17090   2.04672   0.14732  
  1 99.0000    818.671157  x:  2.28500   1.99177   1.06317  
  2 349.7299    788.997264  x:  5.90225   0.40000   0.84518  
  3 28.9199    787.575168  x:  4.50379   0.40000   0.79274  
  4  0.1749    787.356892  x:  4.93560   0.40000   0.75420  
  5  0.2145    785.302645  x:  4.88274   0.40000   0.33156  
  6  0.0887    785.198455  x:  5.17112   0.40000   0.27113  
  7  0.2646    785.102002  x:  5.47736   0.40000   0.27274  
  8  1.0942    785.083398  x:  5.67745   0.40000   0.24193  
  9  0.1346    785.081234  x:  5.76109   0.40000   0.23820  
 10  0.0523    785.081152  x:  5.77661   0.40000   0.23615  
 11  0.0192    785.081152  x:  5.77825   0.40000   0.23605  
 12  0.0015    785.081152  x:  5.77823   0.40000   0.23605  

4 (normal_MH0027|normal_MH0027.peg.1804) ... 3 (normal_MH0048|normal_MH0048.peg.5129)
  0  0.0000    762.344610  x:  2.41930   1.01986   0.28885  
  1 99.0000    760.643586  x:  2.62212   1.08641   0.44150  
  2 16.9232    754.549446  x:  3.57214   1.54163   0.21144  
  3 20.0892    753.893792  x:  3.90855   1.35270   0.21536  
  4  0.4569    753.122234  x:  4.53930   1.52695   0.15051  
  5  0.4004    752.965172  x:  4.65086   1.72781   0.16446  
  6  1.8322    752.632934  x:  5.39860   1.78596   0.12307  
  7  0.5024    751.797172  x:  8.38007   1.39558   0.06734  
  8  0.4298    751.745946  x:  8.57503   1.42951   0.06284  
  9  1.5360    751.436466  x:  9.32633   1.81041   0.06377  
 10  1.8711    751.337734  x: 10.29573   1.82425   0.05412  
 11  0.6317    751.146579  x: 12.30337   1.77481   0.04273  
 12  0.7465    751.035994  x: 12.80625   1.74185   0.04344  
 13  1.0536    750.924004  x: 14.82138   1.79433   0.03558  
 14  1.4421    750.841537  x: 17.25034   1.89838   0.03032  
 15  1.0478    750.797852  x: 17.74254   1.93586   0.03093  
 16  1.2496    750.734145  x: 20.07757   1.89861   0.02602  
 17  1.3806    750.680537  x: 22.83849   1.79291   0.02223  
 18  0.9835    750.669162  x: 22.91464   1.79864   0.02267  
 19  0.1988    750.628204  x: 25.83453   1.90768   0.01998  
 20  2.2344    750.599644  x: 29.31589   1.93048   0.01743  
 21  1.1905    750.580899  x: 30.48455   1.92605   0.01716  
 22  2.2771    750.560791  x: 33.43988   1.90494   0.01521  
 23  3.6520    750.553515  x: 35.56977   1.88866   0.01411  
 24  1.6411    750.537632  x: 37.95975   1.85431   0.01340  
 25  2.0366    750.526715  x: 40.34994   1.86706   0.01245  
 26  4.5065    750.521567  x: 42.27995   1.89314   0.01184  
 27  3.6703    750.516411  x: 43.14116   1.94053   0.01180  
 28  0.9421    750.510336  x: 46.59121   1.93660   0.01077  
 29  1.7542    750.500233  x: 48.17371   1.88911   0.01048  
 30  0.8220    750.496048  x: 50.00000   1.88827   0.01003  
 31  4.5238    750.495681  x: 50.00000   1.89104   0.01007  
 32  0.0204    750.495188  x: 50.00000   1.90921   0.01010  
 33  0.0229    750.495188  x: 50.00000   1.90910   0.01010  

5 (normal_MH0048|normal_MH0048.peg.6479) ... 1 (normal_MH0058|normal_MH0058.peg.10458)
  0  0.0000   1180.095108  x:  1.81088   2.22311   0.01464  
  1 99.0000    858.743795  x:  1.82016   2.22021   1.02433  
  2 9035.5974    797.060707  x:  6.47000   1.56952   1.00946  
  3 57.2511    796.684481  x:  6.57900   2.24674   1.01039  
  4  1.1948    796.603039  x:  6.85727   2.29882   1.00851  
  5  0.0354    796.553486  x:  7.38156   2.52447   1.00508  
  6  0.3554    796.551197  x:  7.38928   2.59110   1.00496  
  7  0.0352    796.550602  x:  7.45632   2.61817   1.00353  
  8  0.0090    796.545422  x:  7.43825   2.62506   0.99865  
  9  0.0025    796.477626  x:  7.16365   2.61945   0.87746  
 10  0.2297    796.398332  x:  7.24018   2.37657   0.72590  
 11  0.0905    796.391937  x:  7.31647   2.35598   0.74442  
 12  0.1282    796.391811  x:  7.31651   2.34373   0.73874  
 13  0.0141    796.391807  x:  7.32129   2.34654   0.73820  
 14  0.0063    796.391807  x:  7.32125   2.34651   0.73819  

5 (normal_MH0048|normal_MH0048.peg.6479) ... 2 (normal_MH0058|normal_MH0058.peg.10459)
  0  0.0000    836.970979  x:  1.57440   2.48475   0.60317  
  1 99.0000    787.693983  x:  4.64111   1.80207   0.87278  
  2 56.5747    780.123670  x:  4.79457   1.67803   0.25540  
  3 11.1677    779.406873  x:  4.75522   1.25568   0.20371  
  4  2.9512    779.053970  x:  4.72311   1.02668   0.22301  
  5  3.7513    778.469308  x:  5.30068   1.33892   0.23740  
  6  0.1659    777.176516  x:  6.29462   1.12393   0.14188  
  7  0.3888    775.837103  x: 10.33883   1.25060   0.07587  
  8  0.5780    775.809439  x: 10.35653   1.25288   0.07895  
  9  0.2951    775.650044  x: 12.16050   1.22173   0.06129  
 10  0.6096    775.411202  x: 16.98533   1.19625   0.04153  
 11  0.7767    775.401939  x: 16.97345   1.19865   0.04247  
 12  0.1215    775.361643  x: 19.29476   1.23359   0.03625  
 13  0.9562    775.316221  x: 22.98189   1.24779   0.02987  
 14  0.9279    775.306639  x: 23.15086   1.24339   0.03023  
 15  0.6928    775.287416  x: 25.54975   1.20655   0.02645  
 16  1.6725    775.274124  x: 28.05471   1.17157   0.02364  
 17  1.0121    775.268306  x: 28.40635   1.16871   0.02369  
 18  0.9191    775.256189  x: 31.09801   1.18662   0.02129  
 19  2.0772    775.250057  x: 33.41936   1.21308   0.01975  
 20  1.4509    775.246163  x: 33.75352   1.22579   0.01985  
 21  0.7278    775.237947  x: 36.67159   1.20418   0.01791  
 22  1.5490    775.231214  x: 39.45728   1.15974   0.01645  
 23  1.1813    775.227592  x: 40.32469   1.17847   0.01632  
 24  0.6542    775.222540  x: 42.92355   1.19882   0.01520  
 25  8.6225    775.221094  x: 44.49878   1.19669   0.01456  
 26  1.9963    775.214769  x: 48.89976   1.16666   0.01310  
 27  1.8029    775.212856  x: 48.98531   1.16775   0.01319  
 28  0.1731    775.211206  x: 50.00000   1.17371   0.01292  
 29  2.7571    775.211050  x: 50.00000   1.18173   0.01293  
 30  0.0086    775.211025  x: 50.00000   1.18299   0.01295  
 31  0.0591    775.211025  x: 50.00000   1.18296   0.01295  

5 (normal_MH0048|normal_MH0048.peg.6479) ... 3 (normal_MH0048|normal_MH0048.peg.5129)
  0  0.0000    855.384067  x:  2.44926   1.63259   0.06353  
  1 99.0000    790.344153  x:  2.46645   1.62666   0.54031  
  2 1044.0465    778.663842  x:  4.40344   1.49139   0.50078  
  3 17.1858    777.765742  x:  4.58054   2.27885   0.50455  
  4  2.6276    777.288955  x:  5.28477   2.38258   0.45350  
  5  0.0892    775.619520  x:  7.62893   3.54109   0.21895  
  6  0.3282    775.536837  x:  7.88617   3.62787   0.19227  
  7  4.4677    774.412484  x:  8.16631   2.66149   0.12547  
  8  0.2708    773.902479  x:  7.95788   1.99685   0.12347  
  9  2.5747    773.883944  x:  7.95086   2.07024   0.12948  
 10  0.1421    773.803256  x:  8.40256   1.88008   0.11957  
 11  0.0613    773.534815  x:  9.80097   1.92564   0.09006  
 12  0.7196    773.302797  x: 11.66147   2.28987   0.07653  
 13  1.2147    773.248528  x: 11.73344   2.34605   0.08114  
 14  0.3129    772.971044  x: 14.12055   2.19006   0.05974  
 15  0.9669    772.773941  x: 16.35576   1.99089   0.05263  
 16  0.9646    772.680159  x: 17.84610   1.97530   0.04475  
 17  5.7540    772.585625  x: 19.78817   2.20642   0.04050  
 18  1.8285    772.548677  x: 19.90708   2.30355   0.04250  
 19  0.3015    772.438040  x: 23.53051   2.31721   0.03433  
 20  1.2468    772.277619  x: 32.69740   2.00090   0.02378  
 21  1.2863    772.260749  x: 33.52226   2.00743   0.02259  
 22 11.9207    772.171604  x: 35.70365   2.32282   0.02238  
 23  2.1362    772.146947  x: 39.15684   2.31663   0.01994  
 24  1.1373    772.080395  x: 47.90074   2.26973   0.01600  
 25  2.9984    772.068283  x: 48.10793   2.27067   0.01630  
 26  0.7845    772.057033  x: 50.00000   2.29212   0.01569  
 27  3.8273    772.056974  x: 50.00000   2.29642   0.01568  
 28  0.0133    772.056817  x: 50.00000   2.30845   0.01573  
 29  0.1012    772.056817  x: 50.00000   2.30843   0.01573  

5 (normal_MH0048|normal_MH0048.peg.6479) ... 4 (normal_MH0027|normal_MH0027.peg.1804)
  0  0.0000    792.560943  x:  1.87410   2.51998   0.13694  
  1 99.0000    768.907527  x:  1.93553   2.49943   0.56214  
  2 265.7745    750.487061  x:  3.87084   1.83916   0.45263  
  3 26.1663    749.722337  x:  3.71205   1.22151   0.44223  
  4  1.8643    748.010987  x:  3.22840   1.04003   0.31702  
  5  0.1044    747.670868  x:  3.30765   1.25561   0.27604  
  6  0.3757    746.462311  x:  4.32770   1.26104   0.16549  
  7  0.2572    746.384950  x:  4.40076   1.25651   0.17594  
  8  0.3078    746.264381  x:  4.68834   1.09065   0.14954  
  9  0.2149    746.227347  x:  5.02209   1.14291   0.13387  
 10  0.1606    746.220251  x:  5.08885   1.14606   0.13451  
 11  0.0795    746.216604  x:  5.22177   1.12570   0.12793  
 12  0.1057    746.216468  x:  5.24807   1.12757   0.12730  
 13  0.0194    746.216467  x:  5.24987   1.12746   0.12720  
 14  0.0021    746.216467  x:  5.24981   1.12743   0.12720  
 15  0.0001    746.216467  x:  5.24981   1.12743   0.12720  

6 (normal_MH0027|normal_MH0027.peg.256) ... 1 (normal_MH0058|normal_MH0058.peg.10458)
  0  0.0000    916.425727  x:  1.68623   1.75161   0.18569  
  1 99.0000    823.245007  x:  6.92573   0.40000  24.14341  
  2 338.4126    806.829531  x: 39.77497   3.98912  18.02044  
  3  4.2009    806.826765  x: 40.03050   4.13071  17.97671  
  4  0.0369    806.747705  x: 50.00000   9.68794  16.27199  
  5 97.0104    806.747705  x: 50.00000   9.68794  16.27199  
  6  7.2146    806.747138  x: 49.99394   9.75198  16.24984  
  7  0.0085    806.740969  x: 49.86846  11.09075  15.78270  
  8  1.7173    806.740803  x: 49.87060  11.21930  15.69815  
  9  0.0192    806.739399  x: 50.00000  11.87390  14.93645  
 10  0.2706    806.728153  x: 50.00000  12.35985  12.15483  
 11  0.3530    806.639715  x: 50.00000  14.03437   2.43177  
 12 94347.2924    806.639715  x: 50.00000  14.03437   2.43177  
 13 11.4535    806.624974  x: 50.00000  14.29154   2.22720  
 14  0.0411    806.624974  x: 50.00000  14.29154   2.22720  
 15  2.0099    806.602594  x: 50.00000  14.56906   1.94639  
 16  0.0494    806.602594  x: 50.00000  14.56906   1.94639  
 17  1.6109    806.557422  x: 50.00000  14.88024   1.52131  
 18  0.0659    806.557422  x: 50.00000  14.88024   1.52131  
 19  1.2669    806.315832  x: 50.00000  15.25543   0.68884  
 20  0.1141    806.315832  x: 50.00000  15.25543   0.68884  
 21  1.1374    806.155959  x: 50.00000  15.28436   0.40476  
 22  0.5712    806.155933  x: 50.00000  15.28213   0.40271  
 23  0.0130    806.154787  x: 50.00000  15.15923   0.39642  
 24  0.0154    806.139148  x: 50.00000  13.19257   0.30068  
 25 14.7045    806.132168  x: 50.00000  11.85922   0.24776  
 26  5.0357    806.101988  x: 50.00000   8.33513   0.14831  
 27  3.4988    806.024201  x: 50.00000   4.92221   0.06952  
 28 16.1700    806.022381  x: 50.00000   4.76939   0.06610  
 29 351.8685    805.937909  x: 50.00000   3.79196   0.04761  
 30  0.9095    805.891956  x: 50.00000   3.37051   0.04071  
 31  3.3142    805.594443  x: 50.00000   2.48490   0.03011  
 32  1.5422    805.107963  x: 50.00000   1.63177   0.02333  
 33  2.6821    804.220503  x: 50.00000   0.90001   0.02177  
 34  1.9825    803.810400  x: 50.00000   1.17300   0.02681  
 35  0.4768    803.787151  x: 50.00000   1.04760   0.02668  
 36  0.1122    803.787125  x: 50.00000   1.04461   0.02663  
 37  0.0017    803.787124  x: 50.00000   1.04511   0.02663  

6 (normal_MH0027|normal_MH0027.peg.256) ... 2 (normal_MH0058|normal_MH0058.peg.10459)
  0  0.0000    987.509414  x:  2.37864   1.69023   0.05302  
  1 99.0000    846.808456  x:  2.40357   1.68250   0.90629  
  2 1986.7491    804.773703  x: 13.15762   0.40000   0.77072  
  3 34.8963    803.127422  x: 13.67525   4.71946   0.79351  
  4  0.8135    803.121420  x: 13.68238   4.72439   0.78892  
  5  0.0012    802.840941  x: 14.10413   5.10645   0.52415  
  6 145.1101    802.840941  x: 14.10413   5.10645   0.52415  
  7  0.3682    802.816969  x: 14.11505   5.07899   0.46279  
  8  0.6266    802.565735  x: 14.52168   4.08088   0.30209  
  9  0.5143    802.470204  x: 14.72501   3.52834   0.29470  
 10  1.2772    802.443640  x: 14.85175   3.14418   0.24351  
 11  0.6080    802.443352  x: 14.85366   3.10587   0.24234  
 12  0.0350    802.442945  x: 14.78457   3.06032   0.23932  
 13  0.0104    802.438718  x: 13.84366   2.91860   0.25431  
 14  0.1744    802.437928  x: 13.68785   2.95559   0.26459  
 15  0.1195    802.437877  x: 13.69394   2.94270   0.26415  
 16  0.0172    802.437875  x: 13.67501   2.93885   0.26441  
 17  0.0259    802.437875  x: 13.67430   2.93893   0.26445  
 18  0.0006    802.437875  x: 13.67431   2.93893   0.26445  
 19  0.0000    802.437875  x: 13.67431   2.93893   0.26445  

6 (normal_MH0027|normal_MH0027.peg.256) ... 3 (normal_MH0048|normal_MH0048.peg.5129)
  0  0.0000    918.699178  x:  1.71151   2.92764   0.28292  
  1 99.0000    804.223710  x: 12.36151   0.40000  22.58341  
  2 178.7019    802.094249  x: 17.48164   0.40000  20.50223  
  3  0.6909    801.431329  x: 31.70931   0.40000  14.70576  
  4  1.9204    801.431327  x: 31.66703   0.40000  14.72301  
  5  0.0057    801.431326  x: 31.62646   0.40000  14.73956  
  6  0.0451    801.431326  x: 31.62613   0.40000  14.73969  

6 (normal_MH0027|normal_MH0027.peg.256) ... 4 (normal_MH0027|normal_MH0027.peg.1804)
  0  0.0000    824.104422  x:  2.22509   1.11194   2.00000  
  1 99.0000    789.694458  x:  6.43523   0.73719   1.42416  
  2 32.6366    788.284530  x:  6.49909   1.61662   0.63800  
  3  2.5569    788.171656  x:  6.49054   1.60026   0.51060  
  4  2.0393    787.908067  x:  6.49831   1.21559   0.47689  
  5  0.3857    787.899219  x:  6.55168   1.22226   0.50416  
  6  0.0387    787.835893  x:  7.06290   1.28297   0.37228  
  7  0.0664    787.798438  x:  7.29967   1.32408   0.38943  
  8  0.1937    787.770939  x:  7.84301   1.42109   0.31813  
  9  0.3822    787.755155  x:  8.64416   1.48032   0.26400  
 10  0.2355    787.753892  x:  8.64654   1.47743   0.26852  
 11  0.0237    787.752957  x:  8.92240   1.50904   0.25345  
 12  0.1247    787.752900  x:  8.95314   1.50767   0.25239  
 13  0.0221    787.752895  x:  8.96916   1.50848   0.25137  
 14  0.0183    787.752895  x:  8.96918   1.50835   0.25136  
 15  0.0001    787.752895  x:  8.96903   1.50834   0.25137  
 16  0.0001    787.752895  x:  8.96903   1.50834   0.25137  

6 (normal_MH0027|normal_MH0027.peg.256) ... 5 (normal_MH0048|normal_MH0048.peg.6479)
  0  0.0000    854.824667  x:  1.95084   1.92748   0.26201  
  1 99.0000    792.344936  x:  7.44231   0.40000  16.16259  
  2 153.7308    788.844549  x: 12.84042   0.40000  14.54100  
  3  1.9094    788.843919  x: 12.83747   0.40000  14.51723  
  4  0.0030    788.843919  x: 12.83747   0.40000  14.51723  
  5  7.3032    788.838143  x: 12.77475   0.40000  14.31268  
  6  0.0267    788.838143  x: 12.77475   0.40000  14.31268  
  7 10.7333    788.832053  x: 12.73040   0.40000  14.09822  
  8  0.0274    788.832053  x: 12.73040   0.40000  14.09822  
  9  7.0141    788.825554  x: 12.68938   0.40000  13.87588  
 10  0.0283    788.825554  x: 12.68938   0.40000  13.87588  
 11  6.7944    788.818594  x: 12.64746   0.40000  13.64579  
 12  0.0292    788.818594  x: 12.64746   0.40000  13.64579  
 13  6.6972    788.811114  x: 12.60337   0.40000  13.40749  
 14  0.0303    788.811114  x: 12.60337   0.40000  13.40749  
 15  6.6065    788.803045  x: 12.55659   0.40000  13.16031  
 16  0.0314    788.803045  x: 12.55659   0.40000  13.16031  
 17  6.5099    788.794305  x: 12.50671   0.40000  12.90342  
 18  0.0327    788.794305  x: 12.50671   0.40000  12.90342  
 19  6.4096    788.784792  x: 12.45333   0.40000  12.63586  
 20  0.0341    788.784792  x: 12.45333   0.40000  12.63586  
 21  6.3066    788.774385  x: 12.39598   0.40000  12.35652  
 22  0.0356    788.774385  x: 12.39598   0.40000  12.35652  
 23  6.2041    788.762932  x: 12.33410   0.40000  12.06409  
 24  0.0374    788.762932  x: 12.33410   0.40000  12.06409  
 25  6.0946    788.750243  x: 12.26699   0.40000  11.75700  
 26  0.0393    788.750243  x: 12.26699   0.40000  11.75700  
 27  5.9831    788.736077  x: 12.19383   0.40000  11.43340  
 28  0.0415    788.736077  x: 12.19383   0.40000  11.43340  
 29  5.8677    788.720123  x: 12.11356   0.40000  11.09103  
 30  0.0440    788.720123  x: 12.11356   0.40000  11.09103  
 31  5.7478    788.701968  x: 12.02482   0.40000  10.72710  
 32  0.0468    788.701968  x: 12.02482   0.40000  10.72710  
 33  5.6256    788.681056  x: 11.92591   0.40000  10.33816  
 34  0.0502    788.681056  x: 11.92591   0.40000  10.33816  
 35  5.4980    788.656617  x: 11.81451   0.40000   9.91979  
 36  0.0541    788.656617  x: 11.81451   0.40000   9.91979  
 37  5.3661    788.627547  x: 11.68754   0.40000   9.46626  
 38  0.0589    788.627547  x: 11.68754   0.40000   9.46626  
 39  5.2303    788.592205  x: 11.54064   0.40000   8.96993  
 40  0.0647    788.592205  x: 11.54064   0.40000   8.96993  
 41  5.0903    788.548030  x: 11.36751   0.40000   8.42028  
 42  0.0720    788.548030  x: 11.36751   0.40000   8.42028  
 43  4.9478    788.490786  x: 11.15859   0.40000   7.80231  
 44  0.0815    788.490786  x: 11.15859   0.40000   7.80231  
 45  4.8046    788.412905  x: 10.89845   0.40000   7.09354  
 46  0.0944    788.412905  x: 10.89845   0.40000   7.09354  
 47  4.6669    788.299424  x: 10.56023   0.40000   6.25836  
 48  0.1126    788.299424  x: 10.56023   0.40000   6.25836  
 49  4.5485    788.116354  x: 10.09204   0.40000   5.23604  
 50  0.1406    788.116354  x: 10.09204   0.40000   5.23604  
 51  4.4868    787.770113  x:  9.37724   0.40000   3.91426  
 52  0.1878    787.770113  x:  9.37724   0.40000   3.91426  
 53  4.6194    786.955825  x:  8.08750   0.40000   2.08630  
 54  0.2796    786.955825  x:  8.08750   0.40000   2.08630  
 55  6.2277    786.222855  x:  6.44217   0.40000   1.02529  
 56  0.4556    786.216930  x:  6.37271   0.40000   1.07070  
 57  0.1691    785.947093  x:  6.32421   0.72778   1.09034  
 58  2.1020    785.771513  x:  5.83908   0.85754   0.82720  
 59  2.4481    785.756505  x:  5.91316   0.86354   0.74965  
 60  0.1348    785.754311  x:  5.96981   0.86192   0.76087  
 61  0.0915    785.753117  x:  5.98042   0.89203   0.74638  
 62  0.0195    785.753114  x:  5.98067   0.89122   0.74751  
 63  0.0014    785.753114  x:  5.98059   0.89123   0.74753  

7 (normal_MH0048|normal_MH0048.peg.5652) ... 1 (normal_MH0058|normal_MH0058.peg.10458)
  0  0.0000    845.887124  x:  2.36761   1.26311   0.71030  
  1 99.0000    813.125118  x:  4.38258   0.40000   1.30785  
  2 36.6921    809.314087  x:  4.98439   0.80387   0.72090  
  3  8.7018    808.845263  x:  5.03189   0.65396   0.51654  
  4  3.1017    807.621849  x:  5.18083   0.40000   0.48761  
  5  0.5364    806.820890  x:  5.88686   0.40000   0.33576  
  6 264.3735    805.875474  x:  6.34753   0.40000   0.37647  
  7  0.0578    805.119746  x:  8.19730   0.40000   0.35567  
  8  0.7650    804.986798  x:  8.66374   0.40000   0.25247  
  9  0.1197    804.956195  x:  9.13988   0.40000   0.21353  
 10  0.4197    804.796891  x: 11.05000   0.40000   0.15896  
 11  1.2387    804.684160  x: 13.83557   0.40000   0.10777  
 12  0.9557    804.647845  x: 14.70843   0.40000   0.10691  
 13  5.4843    804.592553  x: 16.71391   0.40000   0.08305  
 14  3.8770    804.577745  x: 17.91212   0.40000   0.07380  
 15  1.4082    804.474750  x: 22.70953   0.40000   0.05604  
 16  2.5986    804.395608  x: 30.32678   0.40000   0.03896  
 17  1.4812    804.386226  x: 30.96368   0.40000   0.03930  
 18  7.3651    804.360945  x: 35.19080   0.40000   0.03276  
 19  6.0040    804.350228  x: 38.15264   0.40000   0.02952  
 20  2.5468    804.296532  x: 50.00000   0.40000   0.02290  
 21  4.7351    804.296532  x: 50.00000   0.40000   0.02290  
 22 27.8938    804.293249  x: 50.00000   0.40000   0.02249  

7 (normal_MH0048|normal_MH0048.peg.5652) ... 2 (normal_MH0058|normal_MH0058.peg.10459)
  0  0.0000    839.238527  x:  2.39995   1.24554   0.13343  
  1 99.0000    805.814059  x:  2.44653   1.22285   0.65408  
  2 353.2247    793.825582  x:  4.32951   0.81786   0.56644  
  3 17.9957    793.746967  x:  4.37228   0.97245   0.56811  
  4  0.9723    793.192923  x:  4.46846   0.94143   0.47727  
  5  0.0170    792.644261  x:  4.62784   0.88672   0.32715  
  6  0.8915    792.548365  x:  5.00566   0.79372   0.27846  
  7  0.0696    792.530243  x:  5.06929   0.82100   0.28719  
  8  0.1207    792.520836  x:  5.14733   0.85632   0.27569  
  9  0.1108    792.520009  x:  5.19670   0.84893   0.27110  
 10  0.0313    792.520008  x:  5.19812   0.84852   0.27091  
 11  0.0015    792.520008  x:  5.19811   0.84850   0.27092  
 12  0.0000    792.520008  x:  5.19810   0.84850   0.27092  

7 (normal_MH0048|normal_MH0048.peg.5652) ... 3 (normal_MH0048|normal_MH0048.peg.5129)
  0  0.0000    839.201101  x:  2.00516   1.46976   0.21212  
  1 99.0000    812.876065  x:  2.18266   1.43553   0.99998  
  2 183.1596    792.623666  x:  4.84773   1.51005   0.78884  
  3 26.2897    792.219074  x:  4.86450   2.13054   0.80780  
  4  1.3448    791.703700  x:  5.14976   2.14683   0.65165  
  5  0.0407    791.201799  x:  5.55682   2.18415   0.40257  
  6  0.9806    791.162412  x:  5.61950   1.98354   0.36212  
  7  0.1584    791.156995  x:  5.60557   1.95158   0.37235  
  8  0.1201    791.146712  x:  5.72837   1.96127   0.35803  
  9  0.0155    791.138336  x:  5.99940   2.01417   0.33182  
 10  0.1964    791.138137  x:  6.00080   2.00421   0.33245  
 11  0.0103    791.138123  x:  6.00699   2.00170   0.33125  
 12  0.0069    791.138123  x:  6.00884   2.00214   0.33111  
 13  0.0015    791.138123  x:  6.00883   2.00213   0.33111  

7 (normal_MH0048|normal_MH0048.peg.5652) ... 4 (normal_MH0027|normal_MH0027.peg.1804)
  0  0.0000    843.317643  x:  1.64611   2.17220   0.37655  
  1 99.0000    807.592887  x:  8.97870   0.40000   6.91606  
  2 72.7970    802.869102  x: 15.20133   0.40000   0.84219  
  3  1.0869    789.333788  x: 15.96428   0.40000   0.04795  
  4  6.2170    789.333788  x: 15.96428   0.40000   0.04795  
  5  1.1844    789.324497  x: 15.96428   0.40000   0.04676  
  6 15.1669    789.311153  x: 15.63897   0.40000   0.04786  
  7  0.0407    788.789189  x: 12.03734   0.52708   0.05983  
  8 174.2086    788.789189  x: 12.03734   0.52708   0.05983  
  9  9.9271    788.618208  x: 12.03738   0.52752   0.06683  
 10 52.9563    787.822494  x: 12.03153   1.02208   0.06908  
 11  3.5619    787.785973  x: 12.03542   1.04364   0.07290  
 12  0.0159    787.783564  x: 12.00997   1.07709   0.07345  
 13  0.0250    787.781961  x: 11.89055   1.07668   0.07462  
 14  0.0149    787.764485  x: 10.33790   1.06637   0.08821  
 15  1.1970    787.763474  x: 10.09346   1.05272   0.09041  
 16  0.3747    787.762064  x: 10.10642   1.03375   0.09049  
 17  0.0402    787.758025  x:  9.51392   1.04231   0.09844  
 18  0.1190    787.757272  x:  9.53028   1.04602   0.09905  
 19  0.0191    787.756941  x:  9.34259   1.04171   0.10165  
 20  0.1629    787.756920  x:  9.30111   1.04051   0.10234  
 21  0.0321    787.756919  x:  9.30511   1.04082   0.10230  
 22  0.0042    787.756919  x:  9.30480   1.04084   0.10230  

7 (normal_MH0048|normal_MH0048.peg.5652) ... 5 (normal_MH0048|normal_MH0048.peg.6479)
  0  0.0000    834.895928  x:  1.69675   1.36539   0.16761  
  1 99.0000    803.366793  x:  1.84099   1.33525   0.91002  
  2 252.0875    779.442642  x: 14.19156   1.24564   0.06125  
  3 31.5252    779.149446  x: 14.24813   1.32218   0.05523  
  4  2.5466    778.323227  x: 14.37653   2.05368   0.06765  
  5  5.5967    778.305964  x: 14.40726   2.08365   0.06584  
  6  0.0316    778.301635  x: 14.50418   2.09403   0.06544  
  7  0.0122    778.244247  x: 16.61555   2.23924   0.05596  
  8  2.5805    778.144562  x: 21.08358   2.33711   0.04334  
  9  0.9282    778.124777  x: 21.26449   2.30961   0.04406  
 10  0.6957    778.076295  x: 23.93401   2.24114   0.03704  
 11  2.0802    778.052662  x: 25.94845   2.12462   0.03344  
 12  0.9238    778.046487  x: 26.19175   2.15605   0.03383  
 13  0.2203    778.026555  x: 28.67125   2.23613   0.03059  
 14  3.2334    778.021160  x: 30.37737   2.26089   0.02865  
 15  1.7268    777.998889  x: 39.10362   2.37692   0.02267  
 16  1.4774    777.995847  x: 39.64844   2.35503   0.02205  
 17  1.6487    777.988605  x: 39.44215   2.26610   0.02196  
 18  0.7472    777.987098  x: 41.06257   2.26278   0.02094  
 19  0.6170    777.985659  x: 42.68299   2.27039   0.02011  
 20  1.4254    777.982616  x: 50.00000   2.32488   0.01731  
 21  1.5358    777.982616  x: 50.00000   2.32488   0.01731  
 22  4.2895    777.982533  x: 50.00000   2.32488   0.01728  
 23  5.0365    777.981435  x: 50.00000   2.28702   0.01716  
 24  0.0574    777.981435  x: 50.00000   2.28692   0.01716  

7 (normal_MH0048|normal_MH0048.peg.5652) ... 6 (normal_MH0027|normal_MH0027.peg.256)
  0  0.0000   1045.405554  x:  1.57701   2.24779   0.05085  
  1 99.0000    884.149467  x:  1.62647   2.23364   1.15197  
  2 2067.2257    805.925600  x:  9.83943   0.40000   1.03786  
  3 68.3789    805.784645  x:  9.47528   0.40000   1.03939  
  4  0.0455    805.784645  x:  9.47528   0.40000   1.03939  
  5  9.3136    803.986481  x:  9.11269   0.40000   0.25429  
  6  0.9490    803.986481  x:  9.11269   0.40000   0.25429  
  7  1.3923    803.963356  x:  9.11158   0.40000   0.23340  
  8  1.9624    803.962880  x:  9.15626   0.40000   0.22839  
  9  0.0164    803.755538  x:  9.59855   0.57179   0.17911  
 10  5.3964    803.659849  x:  9.23515   0.69106   0.21218  
 11  0.6511    803.635852  x:  9.60124   0.76784   0.18986  
 12  0.2342    803.584206  x: 10.68421   0.78254   0.15316  
 13  0.2633    803.482230  x: 13.43528   0.68479   0.11945  
 14  1.0747    803.447649  x: 14.18945   0.69019   0.10358  
 15  4.9003    803.400664  x: 14.97939   0.81088   0.09455  
 16  0.7228    803.389551  x: 14.85214   0.84368   0.09972  
 17  0.2485    803.359280  x: 16.60321   0.86679   0.08362  
 18  0.5719    803.312663  x: 19.50146   0.85668   0.06757  
 19  0.9041    803.297502  x: 19.85509   0.84941   0.06861  
 20  1.1890    803.273874  x: 22.34570   0.87902   0.05789  
 21  1.8487    803.259606  x: 24.43369   0.90589   0.05183  
 22  1.3051    803.244052  x: 25.84196   0.92821   0.05051  
 23  2.3840    803.229757  x: 28.21014   0.93167   0.04450  
 24  3.0963    803.225524  x: 29.65064   0.92346   0.04152  
 25  1.9562    803.214867  x: 31.82342   0.86878   0.03886  
 26  1.2803    803.207371  x: 33.99673   0.89405   0.03545  
 27  2.2162    803.200063  x: 34.80407   0.94998   0.03530  
 28  0.7590    803.195445  x: 37.17652   0.95412   0.03243  
 29  1.8914    803.184937  x: 41.20438   0.91588   0.02879  
 30  1.9676    803.182027  x: 41.44292   0.91900   0.02906  
 31  0.4237    803.174594  x: 45.25964   0.95594   0.02624  
 32  3.8528    803.171789  x: 48.07167   0.96594   0.02447  
 33  2.4286    803.166724  x: 50.00000   0.97077   0.02367  
 34  3.1478    803.166724  x: 50.00000   0.97077   0.02367  
 35  0.0125    803.166362  x: 50.00000   0.97079   0.02380  

8 (normal_MH0058|normal_MH0058.peg.3815) ... 1 (normal_MH0058|normal_MH0058.peg.10458)
  0  0.0000   1007.497881  x:  2.16417   1.44067   0.03730  
  1 99.0000    845.955680  x:  2.18184   1.43144   0.83030  
  2 2912.4337    797.601152  x:  5.82138   0.40000   0.79218  
  3 42.3343    796.775339  x:  6.00563   0.82714   0.79380  
  4  4.6301    795.170922  x:  7.46168   0.65193   0.77215  
  5  0.1833    794.529472  x: 11.25615   0.40000   0.71355  
  6  0.6438    794.529472  x: 11.25615   0.40000   0.71355  
  7  0.0864    793.480177  x: 11.25409   0.42266   0.17478  
  8  1.4499    793.473241  x: 11.25796   0.40000   0.17807  
  9  0.2625    793.452158  x: 11.79482   0.40000   0.15989  
 10  0.0671    793.426747  x: 13.01999   0.40000   0.12896  
 11  1.5066    793.401066  x: 14.59208   0.40000   0.11713  
 12  0.8976    793.386857  x: 15.62191   0.40000   0.09932  
 13  2.2745    793.384823  x: 16.13727   0.40000   0.09322  
 14  0.7532    793.373733  x: 18.19879   0.40000   0.07797  
 15  0.8826    793.369612  x: 18.57021   0.40000   0.07827  
 16  0.6313    793.364736  x: 20.05589   0.40000   0.06901  
 17  1.3418    793.363565  x: 20.82801   0.40000   0.06498  
 18  1.6071    793.357036  x: 23.71338   0.40000   0.05473  
 19  0.9802    793.355373  x: 23.87961   0.40000   0.05529  
 20  0.4156    793.352758  x: 25.88000   0.40000   0.04922  
 21  1.3929    793.351730  x: 26.89682   0.40000   0.04676  
 22  1.1860    793.346774  x: 30.96414   0.40000   0.03984  
 23  2.0634    793.346457  x: 31.51087   0.40000   0.03874  
 24  4.8474    793.345667  x: 32.93336   0.40000   0.03660  
 25  1.0956    793.344249  x: 35.58252   0.40000   0.03330  
 26  1.7737    793.343203  x: 36.45206   0.40000   0.03282  
 27  1.1416    793.342243  x: 38.53930   0.40000   0.03050  
 28  2.7309    793.342059  x: 39.42069   0.40000   0.02962  
 29  2.3930    793.341176  x: 42.94625   0.40000   0.02673  
 30  1.1974    793.340362  x: 43.21448   0.40000   0.02685  
 31  0.3739    793.339709  x: 45.73775   0.40000   0.02504  
 32  1.9025    793.339547  x: 46.80644   0.40000   0.02435  
 33  2.6623    793.338823  x: 50.00000   0.40000   0.02259  
 34  1.8292    793.338577  x: 50.00000   0.40000   0.02274  

8 (normal_MH0058|normal_MH0058.peg.3815) ... 2 (normal_MH0058|normal_MH0058.peg.10459)
  0  0.0000    857.344119  x:  1.77735   1.24872   0.14591  
  1 99.0000    829.839473  x:  1.86373   1.22451   0.58725  
  2 293.9539    789.793439  x:  7.92661   0.40000   0.26751  
  3 43.8176    788.528698  x:  8.09431   1.59602   0.22300  
  4  0.5910    786.960476  x:  8.14855   1.70349   0.14243  
  5  0.3113    785.930073  x:  8.10535   1.24409   0.10248  
  6  1.3560    784.885757  x:  7.99535   0.69475   0.09550  
  7  2.3746    784.683680  x:  8.00661   0.73531   0.10908  
  8  0.0785    784.665548  x:  8.04514   0.67332   0.10799  
  9  0.0615    784.500725  x:  8.66329   0.66946   0.09771  
 10  0.0773    784.335440  x:  9.78705   0.65376   0.07721  
 11  1.8984    784.045983  x: 13.17247   0.69388   0.05387  
 12  0.6696    784.025420  x: 13.19676   0.69211   0.05573  
 13  0.1352    783.966744  x: 14.67780   0.60470   0.04711  
 14  0.8367    783.918714  x: 16.79251   0.62482   0.03966  
 15  0.7602    783.889983  x: 17.49982   0.65323   0.03945  
 16  1.3213    783.865957  x: 19.24512   0.65223   0.03447  
 17  1.8249    783.852090  x: 20.92442   0.62834   0.03084  
 18  1.0497    783.835896  x: 21.50637   0.60513   0.03058  
 19  0.8781    783.818035  x: 23.70867   0.62640   0.02705  
 20  1.4275    783.804223  x: 26.00116   0.67491   0.02490  
 21  0.9216    783.798167  x: 27.23214   0.66053   0.02332  
 22  1.4922    783.787054  x: 28.32546   0.61704   0.02240  
 23  2.1115    783.781262  x: 30.11947   0.62533   0.02078  
 24  1.5199    783.772056  x: 32.65225   0.66517   0.01930  
 25  1.6573    783.761547  x: 35.58706   0.62665   0.01742  
 26  0.9462    783.760315  x: 35.66055   0.62509   0.01751  
 27  0.3237    783.753697  x: 38.65238   0.63568   0.01597  
 28  2.9199    783.750885  x: 40.92190   0.64679   0.01499  
 29  2.2461    783.747420  x: 41.93480   0.65998   0.01482  
 30  1.3326    783.743045  x: 44.76265   0.65244   0.01370  
 31  2.4524    783.740093  x: 47.03683   0.63445   0.01293  
 32  1.7949    783.738795  x: 47.13391   0.63044   0.01299  
 33  0.1762    783.735062  x: 50.00000   0.63917   0.01219  
 34  2.6509    783.734729  x: 50.00000   0.63939   0.01224  
 35  0.0049    783.734664  x: 50.00000   0.64355   0.01225  
 36  0.0045    783.734664  x: 50.00000   0.64354   0.01225  

8 (normal_MH0058|normal_MH0058.peg.3815) ... 3 (normal_MH0048|normal_MH0048.peg.5129)
  0  0.0000    919.191216  x:  1.78223   1.22219   0.03599  
  1 99.0000    799.228623  x:  1.79802   1.21887   0.64913  
  2 2406.9812    773.361870  x:  4.30565   1.40059   0.62245  
  3 35.3264    772.671089  x:  4.29876   2.08654   0.62663  
  4  2.2049    772.567473  x:  4.60808   2.18051   0.61547  
  5  0.0404    772.538121  x:  4.74971   2.41349   0.60778  
  6  0.0993    772.474163  x:  4.78959   2.41551   0.59169  
  7  0.0054    771.590910  x:  5.30758   2.49548   0.31122  
  8  1.7319    771.515619  x:  5.52850   2.27430   0.26257  
  9  0.1180    771.496862  x:  5.57513   2.24426   0.27146  
 10  0.2291    771.400611  x:  6.36331   2.55546   0.21887  
 11  0.4211    771.366948  x:  6.85410   2.56355   0.20470  
 12  0.1982    771.339861  x:  7.31312   2.57056   0.17365  
 13  0.9171    771.331253  x:  7.59966   2.50688   0.15733  
 14  0.2512    771.316818  x:  7.79912   2.36818   0.14964  
 15  0.2793    771.304812  x:  8.30188   2.36790   0.13246  
 16  0.4175    771.287389  x:  9.07182   2.48581   0.11899  
 17  0.5191    771.281996  x:  9.10932   2.48872   0.12113  
 18  0.0665    771.261643  x:  9.89900   2.36186   0.10186  
 19  0.6982    771.249106  x: 10.56926   2.27590   0.09089  
 20  0.4216    771.241652  x: 10.77658   2.25642   0.09029  
 21  0.5583    771.225789  x: 11.79487   2.27695   0.07856  
 22  1.2293    771.216761  x: 12.63065   2.33025   0.07247  
 23  0.5234    771.212952  x: 12.74920   2.34804   0.07306  
 24  0.2997    771.201340  x: 13.84854   2.28380   0.06386  
 25  0.9202    771.192782  x: 14.85931   2.18838   0.05733  
 26  0.5004    771.190308  x: 14.89291   2.18695   0.05792  
 27  0.0940    771.181364  x: 16.24880   2.23223   0.05191  
 28  1.0268    771.173903  x: 17.96325   2.25941   0.04621  
 29  0.5270    771.171694  x: 18.08196   2.25978   0.04640  
 30  0.4015    771.165568  x: 19.30291   2.20034   0.04207  
 31  1.2356    771.163703  x: 20.14277   2.17365   0.03964  
 32  0.9100    771.160366  x: 20.93268   2.13698   0.03812  
 33  0.7120    771.157222  x: 22.07110   2.14194   0.03557  
 34  1.7145    771.155020  x: 23.20825   2.19587   0.03385  
 35  0.8874    771.154286  x: 23.06006   2.20335   0.03438  
 36  0.2878    771.151378  x: 24.27871   2.14528   0.03200  
 37  0.5219    771.150163  x: 25.28082   2.14655   0.03047  
 38  1.0828    771.146834  x: 27.42898   2.17830   0.02805  
 39  1.2150    771.145955  x: 27.75387   2.16325   0.02778  
 40  0.3202    771.144636  x: 29.05454   2.13616   0.02611  
 41  3.0185    771.144041  x: 30.17765   2.13873   0.02498  
 42  0.7019    771.142936  x: 31.21189   2.16019   0.02433  
 43  0.9000    771.142393  x: 32.24632   2.15279   0.02335  
 44  1.5126    771.141943  x: 32.91880   2.13216   0.02273  
 45  0.6194    771.141705  x: 33.18563   2.12615   0.02259  
 46  0.2211    771.141309  x: 34.25322   2.12550   0.02177  
 47  1.6562    771.141171  x: 34.85291   2.12742   0.02135  
 48  1.5282    771.140911  x: 35.88927   2.14168   0.02075  
 49  0.6548    771.140618  x: 37.04541   2.12083   0.01999  
 50  0.2899    771.140566  x: 37.53558   2.12276   0.01970  
 51  0.6957    771.140477  x: 38.25970   2.13228   0.01935  
 52  1.1547    771.140445  x: 38.66384   2.12897   0.01911  
 53  0.5077    771.140415  x: 38.99337   2.12198   0.01892  
 54  0.3145    771.140403  x: 39.35387   2.12291   0.01873  
 55  0.3296    771.140394  x: 39.67138   2.12546   0.01859  
 56  0.2486    771.140391  x: 39.85770   2.12406   0.01849  
 57  0.2106    771.140390  x: 39.90254   2.12307   0.01846  
 58  0.0444    771.140390  x: 39.97686   2.12314   0.01843  
 59  0.0527    771.140390  x: 39.97367   2.12319   0.01843  
 60  0.0036    771.140390  x: 39.97498   2.12318   0.01843  
 61  0.0014    771.140390  x: 39.97495   2.12318   0.01843  

8 (normal_MH0058|normal_MH0058.peg.3815) ... 4 (normal_MH0027|normal_MH0027.peg.1804)
  0  0.0000    902.251489  x:  1.61273   2.40153   0.06770  
  1 99.0000    824.419132  x:  1.65114   2.39142   0.65842  
  2 1038.8455    785.290998  x:  4.57122   1.90452   0.59459  
  3 47.1456    785.186929  x:  4.52476   1.60362   0.58776  
  4  0.4470    783.844525  x:  4.33868   1.35568   0.49345  
  5  0.0405    782.672711  x:  4.01149   0.85080   0.36130  
  6 26.4811    782.672711  x:  4.01149   0.85080   0.36130  
  7  0.2426    781.181955  x:  4.02410   0.87620   0.23298  
  8 16.8994    779.411822  x:  5.07173   1.32943   0.17101  
  9  3.8586    778.899613  x:  5.43447   1.07576   0.13221  
 10  1.5868    777.936476  x:  6.08622   0.80499   0.13139  
 11  4.8193    777.196237  x:  7.51627   1.06363   0.09395  
 12  0.5764    776.364171  x: 10.47075   0.91588   0.05845  
 13  0.5885    776.261516  x: 10.71120   0.92096   0.06142  
 14  2.1947    776.001421  x: 12.86752   0.97887   0.04666  
 15  1.5866    775.777912  x: 15.82306   1.02033   0.03636  
 16  1.1225    775.648484  x: 16.71004   1.03588   0.03708  
 17  2.6666    775.510843  x: 19.36303   1.00617   0.02965  
 18  2.2055    775.436391  x: 21.94129   0.98141   0.02522  
 19  1.4795    775.335689  x: 23.85950   0.95659   0.02442  
 20  2.8186    775.254412  x: 27.04127   0.99340   0.02059  
 21  3.6955    775.212991  x: 29.94359   1.05654   0.01853  
 22  1.8144    775.182741  x: 30.80834   1.09316   0.01875  
 23  1.6664    775.123104  x: 35.12741   1.06425   0.01577  
 24  2.6837    775.068498  x: 39.61837   0.96571   0.01377  
 25  1.7694    775.013979  x: 45.19442   1.07599   0.01224  
 26  2.0928    775.009069  x: 45.32775   1.08163   0.01240  
 27  0.8394    774.977563  x: 50.00000   1.07102   0.01104  
 28  4.8584    774.974022  x: 50.00000   1.06786   0.01116  
 29  0.0335    774.971827  x: 50.00000   1.04030   0.01108  
 30  0.0289    774.971827  x: 50.00000   1.04020   0.01108  
 31  0.0001    774.971827  x: 50.00000   1.04020   0.01108  

8 (normal_MH0058|normal_MH0058.peg.3815) ... 5 (normal_MH0048|normal_MH0048.peg.6479)
  0  0.0000    864.490339  x:  1.75649   1.56651   0.10470  
  1 99.0000    818.246050  x:  1.81073   1.55139   0.60536  
  2 534.0245    783.995041  x:  4.85315   1.28876   0.50349  
  3 41.1766    783.657040  x:  4.90887   1.72345   0.50822  
  4  1.5851    782.215092  x:  5.12262   1.62347   0.39671  
  5  0.0326    782.215092  x:  5.12262   1.62347   0.39671  
  6  2.8560    780.639396  x:  5.12070   1.62491   0.24292  
  7 14.0614    780.227433  x:  5.33536   1.41762   0.18872  
  8  2.3605    779.199908  x:  6.28739   1.04686   0.16080  
  9  1.0989    778.357028  x:  7.44570   1.34293   0.11635  
 10  2.7619    778.113466  x:  7.87575   1.53014   0.12632  
 11  0.9806    777.692294  x:  9.29486   1.62196   0.09309  
 12  1.2886    777.071777  x: 11.83970   1.53672   0.06512  
 13  0.8385    776.787076  x: 12.47251   1.46628   0.06799  
 14  2.1597    776.486865  x: 14.88323   1.48718   0.05113  
 15  1.7652    776.262806  x: 17.93018   1.62460   0.04140  
 16  1.4604    776.096397  x: 19.13122   1.72349   0.04283  
 17  2.9656    775.942539  x: 22.23421   1.72676   0.03438  
 18  2.0934    775.814133  x: 25.82793   1.62798   0.02813  
 19  1.5576    775.748316  x: 26.44794   1.57760   0.02856  
 20  1.6689    775.660065  x: 30.80683   1.64585   0.02376  
 21  2.3987    775.577009  x: 37.28519   1.82604   0.02049  
 22  1.8763    775.513326  x: 41.05887   1.63011   0.01788  
 23  1.1592    775.509440  x: 41.91932   1.63419   0.01731  
 24  4.4546    775.475867  x: 47.41523   1.72132   0.01534  
 25  5.7276    775.459927  x: 48.76613   1.75057   0.01536  
 26  1.3787    775.452304  x: 50.00000   1.74564   0.01493  
 27  4.9487    775.451437  x: 50.00000   1.73564   0.01481  
 28  0.0528    775.448861  x: 50.00000   1.69565   0.01474  
 29  0.1674    775.448859  x: 50.00000   1.69498   0.01474  

8 (normal_MH0058|normal_MH0058.peg.3815) ... 6 (normal_MH0027|normal_MH0027.peg.256)
  0  0.0000    917.895920  x:  2.00121   1.81469   0.14173  
  1 99.0000    859.843709  x:  2.14351   1.76990   1.16393  
  2 458.8090    801.988246  x:  8.24716   0.40000   0.87498  
  3 45.4405    801.218479  x:  8.45838   1.10301   0.88024  
  4  3.1225    800.903065  x:  8.99802   1.05717   0.81005  
  5  0.0683    798.850498  x: 14.15758   0.96738   0.13208  
  6  1.2780    798.836541  x: 14.20834   0.96822   0.12546  
  7 41.5892    798.574331  x: 14.44018   1.36797   0.12069  
  8  0.2039    798.542297  x: 14.39164   1.42107   0.13210  
  9  0.0828    798.537123  x: 14.47104   1.49329   0.13192  
 10  0.0477    798.516230  x: 14.72856   1.50081   0.12964  
 11  0.0322    798.362480  x: 17.82256   1.56638   0.09409  
 12  3.6397    798.118210  x: 27.46687   1.41070   0.05629  
 13  1.2057    798.107765  x: 27.95533   1.41417   0.05325  
 14 11.8166    798.066976  x: 30.15597   1.63762   0.05066  
 15  1.6829    798.020003  x: 36.44309   1.64120   0.04272  
 16  0.7859    797.991978  x: 39.98331   1.64559   0.03665  
 17 21.4126    797.986699  x: 41.98665   1.62195   0.03401  
 18  1.8516    797.969594  x: 46.08622   1.51564   0.03072  
 19  2.1515    797.959253  x: 49.52530   1.55694   0.02799  
 20  3.7431    797.955087  x: 50.00000   1.57918   0.02793  
 21  2.8060    797.953845  x: 50.00000   1.55802   0.02807  
 22  6.6109    797.950929  x: 50.00000   1.61576   0.02866  
 23  0.0119    797.950922  x: 50.00000   1.61399   0.02867  
 24  0.0017    797.950922  x: 50.00000   1.61400   0.02867  

8 (normal_MH0058|normal_MH0058.peg.3815) ... 7 (normal_MH0048|normal_MH0048.peg.5652)
  0  0.0000    698.537545  x:  2.35289   1.90550   0.11417  
  1 99.0000    698.319833  x:  2.35738   1.90430   0.12991  
  2 28.4670    694.782994  x:  3.37174   1.63810   0.07061  
  3  6.8680    693.923567  x:  3.80573   2.11100   0.07870  
  4  0.8527    692.906272  x:  4.71600   2.01066   0.05252  
  5  0.5318    692.632453  x:  4.96943   1.73282   0.05133  
  6  0.9057    692.217517  x:  5.93253   1.90764   0.03981  
  7  0.8422    691.937228  x:  6.52438   2.20449   0.04111  
  8  0.8285    691.761153  x:  7.44205   2.22799   0.03340  
  9  0.8355    691.503527  x:  9.18962   1.98605   0.02566  
 10  0.4795    691.467143  x:  9.23992   1.98156   0.02660  
 11  0.1524    691.358838  x: 10.88794   2.19983   0.02235  
 12  0.8061    691.252543  x: 13.47575   2.15144   0.01751  
 13  0.5679    691.223739  x: 13.76059   2.12736   0.01769  
 14  0.9627    691.182837  x: 15.60765   2.10377   0.01502  
 15  1.5313    691.159114  x: 17.30277   2.12028   0.01335  
 16  1.0595    691.112313  x: 19.22183   2.17862   0.01261  
 17  1.8819    691.082663  x: 21.14179   2.17765   0.01109  
 18  3.5903    691.072515  x: 22.37531   2.13814   0.01028  
 19  1.3005    691.052451  x: 23.30954   2.03859   0.00992  
 20  0.9296    691.030726  x: 25.72475   2.07087   0.00884  
 21  1.6691    691.003036  x: 28.32053   2.21653   0.00829  
 22  1.6289    690.992937  x: 29.98089   2.19196   0.00768  
 23  2.2174    690.965184  x: 32.46807   2.04719   0.00701  
 24  2.2509    690.939993  x: 36.53695   2.14076   0.00623  
 25  1.5834    690.930725  x: 37.18841   2.17631   0.00627  
 26  2.1385    690.916272  x: 39.80282   2.16736   0.00580  
 27  3.5697    690.907438  x: 42.55100   2.15029   0.00535  
 28  8.4280    690.891635  x: 45.98775   2.04813   0.00491  
 29  1.6703    690.875197  x: 50.00000   2.12001   0.00453  
 30  2.0828    690.870992  x: 50.00000   2.12451   0.00460  
 31  0.0825    690.870969  x: 50.00000   2.11966   0.00459  
 32  0.0070    690.870969  x: 50.00000   2.11971   0.00459  