

TREE # 1

  0  0.0000   3938.472166  x:  0.01014   0.00000   0.05193   0.37690   0.54153   0.08713   0.28563   0.25556   0.00719   0.29104   0.34077   0.01980   0.52944   0.27848   1.00000   1.00000  
  1 99.0000   3188.494561  x:  4.10052   4.97396   3.15901   2.28183   2.29874   2.22685   2.46235   2.67858   4.64009   2.45143   2.51792   4.11018   2.30459   2.54861   1.23725   0.58417  
  2 1417.6434   3176.472922  x:  4.09774   4.96358   3.13612   2.33615   2.36507   2.19930   2.43898   2.64455   4.62912   2.44825   2.51150   4.10740   2.34140   2.57923   1.33998   0.25383  
  3 36.7391   3169.883684  x:  4.05331   4.86797   3.03963   2.58127   2.70358   2.06881   2.39855   2.57457   4.53425   2.50795   2.55898   4.06298   2.58147   2.75813   1.51231   0.17776  
  4 22.5089   3161.582776  x:  4.05377   4.79896   2.83954   3.08717   3.31376   1.81146   2.19802   2.26408   4.45921   2.46245   2.49715   4.06343   2.91435   3.02110   2.49402   0.25815  
  5 35.0973   3130.207395  x:  4.30205   4.27179   1.97374   3.96321   4.47595   0.00000   3.12240   2.24898   3.97162   2.85008   2.68391   4.31172   4.13242   3.20277   1.95509   0.14930  
  6  4.0116   3119.560175  x:  4.46461   3.59704   2.24168   4.36365   5.25582   0.00000   3.08756   2.60823   3.37393   3.22729   3.04613   4.47427   4.77687   3.07778   1.67328   0.10074  
  7  8.9519   3071.988671  x:  5.62390   0.70628   2.27842   6.37399   7.77451   0.00000   3.48012   3.51059   0.79324   4.37814   3.84410   5.63356   7.64030   2.80058   0.66236   0.06859  
  8 10.4203   3058.566675  x:  5.80326   0.00000   2.26371   6.60759   8.19926   0.00000   3.77441   3.92533   0.17990   4.73436   4.21526   5.81292   8.27923   2.73767   0.83016   0.06652  
  9 46.9594   3049.114164  x:  5.81553   0.00000   2.15942   6.65955   8.55053   0.00000   3.73787   4.10802   0.00000   4.87384   4.60030   5.82519   8.65500   2.64645   0.88727   0.07377  
 10  8.8354   3018.737286  x:  4.07282   0.00000   1.73242   6.55372  11.04201   0.00000   2.91233   7.24693   0.00000   2.16587   8.52332   4.08248  12.68955   1.85464   1.26357   0.06735  
 11  8.4378   3010.613588  x:  2.90551   0.00000   1.98731   6.55724  11.83835   0.00000   2.27528   7.79754   0.00000   3.38204   8.72563   2.91517  14.09120   1.39195   1.42318   0.07594  
 12  4.0477   3007.937735  x:  2.47622   0.00000   2.48146   6.40329  12.45932   0.00000   3.10442   7.49830   0.00000   2.99023   8.57694   2.48588  14.81930   1.76507   1.42432   0.08126  
 13  2.3378   3006.418566  x:  2.15105   0.00000   2.42799   5.60655  13.04681   0.00000   2.52088   7.28375   0.00000   2.69918   8.90859   2.16071  16.00489   2.93572   1.34957   0.08282  
 14  1.4915   3005.996272  x:  1.67436   0.00000   2.50541   5.55738  13.43296   0.00000   2.56251   7.18715   0.00000   2.70547   9.08438   1.68402  16.47729   3.08336   1.33887   0.08166  
 15  1.1966   3005.315377  x:  1.27846   0.00000   2.35509   5.67335  14.15690   0.00000   3.02145   6.60857   0.00000   3.30150   8.90995   1.28811  16.88024   3.98907   1.23012   0.07622  
 16  0.8166   3004.780153  x:  1.01257   0.00000   2.05877   6.46025  14.95498   0.00000   3.10294   7.13995   0.00000   3.27342   8.46479   1.02222  17.18495   4.86532   1.17374   0.07043  
 17  0.6854   3004.194552  x:  1.10574   0.00000   1.02022   7.83383  16.25945   0.00000   3.07098   7.95789   0.00000   3.23662   9.28296   1.11539  17.74116   5.55124   1.27208   0.06824  
 18  0.5462   3003.862600  x:  0.81276   0.00000   0.48164   8.98921  17.71294   0.00000   3.37210   8.03969   0.00000   3.55577   9.88864   0.82241  18.54495   6.38899   1.23524   0.06131  
 19  1.6137   3003.618157  x:  0.81943   0.00000   0.23138   9.95630  18.95870   0.00000   3.60655   8.04182   0.00000   3.77745  10.52265   0.82908  19.38073   6.56908   1.20845   0.05951  
 20  1.0696   3003.524821  x:  0.83899   0.00000   0.00000  10.44628  19.59132   0.00000   3.68748   8.23759   0.00000   3.86271  10.75877   0.84863  19.76525   6.74238   1.20682   0.05749  
 21  2.0976   3003.524821  x:  0.83899   0.00000   0.00000  10.44628  19.59132   0.00000   3.68748   8.23759   0.00000   3.86271  10.75877   0.84863  19.76525   6.74238   1.20682   0.05749  
 22  6.7801   3003.521932  x:  0.83899   0.00000   0.00000  10.44628  19.59132   0.00000   3.68748   8.23759   0.00000   3.86271  10.75877   0.84863  19.76525   6.74238   1.20682   0.05721  
 23 20.6523   3003.514574  x:  0.85184   0.00000   0.00461  10.44008  19.59886   0.00000   3.68637   8.25694   0.00000   3.86883  10.75400   0.86148  19.77300   6.74244   1.22871   0.05744  
 24  0.3936   3003.441312  x:  0.95389   0.00000   0.04694  10.39275  19.66018   0.14424   3.67918   8.41376   0.00000   3.91551  10.71590   0.96353  19.83691   6.73862   1.22673   0.05686  
 25  1.0525   3003.391011  x:  1.10214   0.00000   0.13940  10.32878  19.77834   0.10030   3.61776   8.66295   0.00000   3.98021  10.68043   1.11178  19.96001   6.70880   1.22214   0.05582  
 26  0.8478   3003.318453  x:  1.16219   0.00000   0.44420  10.30352  20.06497   0.10961   3.64985   9.01481   0.00000   3.89730  10.79365   1.17184  20.25566   6.45484   1.23821   0.05480  
 27  0.4504   3003.142903  x:  1.69991   0.00000   1.27875  10.09279  21.20301   0.08171   3.75138   9.36369   0.00000   4.10399  11.84010   1.70955  21.58216   5.93040   1.26370   0.05212  
 28  0.4116   3003.105645  x:  1.77229   0.00000   1.36785  10.10323  21.49266   0.07801   3.94510   9.52277   0.00000   4.21944  12.04478   1.78192  21.99159   5.95091   1.25928   0.05021  
 29  0.3884   3002.927598  x:  1.43735   0.00000   1.20777  10.73517  22.81521   0.13685   4.35983  10.02361   0.00000   4.86984  12.84192   1.44698  24.22970   6.72164   1.24750   0.04630  
 30  0.4957   3002.613688  x:  1.55989   0.00000   1.49002  11.81289  25.25396   0.10665   4.88501  11.06450   0.00000   5.14096  14.14004   1.56952  27.98620   7.96118   1.27321   0.04037  
 31  2.2919   3002.462172  x:  1.47826   0.00000   1.35611  12.32363  25.83881   0.08984   4.86765  11.26436   0.00000   5.01254  14.31092   1.48789  28.96251   8.56368   1.28403   0.04091  
 32  2.5948   3002.289872  x:  1.45379   0.00000   1.60096  13.55613  28.24634   0.11421   5.05169  12.37373   0.00000   5.44242  15.56768   1.46341  32.55762   9.64857   1.29171   0.03637  
 33  4.1698   3002.140843  x:  1.25991   0.00000   1.51155  15.14855  30.76497   0.19818   5.10864  13.50077   0.00000   6.03478  16.88418   1.26953  36.14240  10.79479   1.26712   0.03371  
 34  1.5993   3002.089876  x:  1.25476   0.00000   1.53172  15.88034  32.13756   0.21612   5.33789  14.08422   0.00000   6.29342  17.64861   1.26437  38.11771  11.40187   1.27174   0.03162  
 35  5.1529   3001.897914  x:  1.47894   0.00000   1.36487  17.45526  35.14729   0.22532   6.32506  15.27028   0.00000   6.81063  19.50240   1.48854  42.01585  12.45401   1.31934   0.02861  
 36  2.4302   3001.837720  x:  1.59970   0.00000   1.34234  17.42352  35.09611   0.21574   6.40101  15.25696   0.00000   6.81423  19.53728   1.60931  41.67385  12.22377   1.31138   0.02913  
 37  0.5671   3001.652868  x:  1.96701   0.00000   1.40387  19.62810  39.08146   0.25686   7.01704  17.07497   0.00000   7.67843  21.89840   1.97660  46.36325  13.17237   1.26746   0.02509  
 38  4.8080   3001.435605  x:  2.82643   0.00000   1.81268  21.75446  43.07890   0.26955   7.51275  19.13466   0.00000   8.59831  24.32754   2.83601  50.00000  13.18772   1.28399   0.02288  
 39  2.3015   3001.435605  x:  2.82643   0.00000   1.81268  21.75446  43.07890   0.26955   7.51275  19.13466   0.00000   8.59831  24.32754   2.83601  50.00000  13.18772   1.28399   0.02288  
 40  9.2060   3001.435206  x:  2.82643   0.00000   1.81268  21.75446  43.07890   0.26955   7.51275  19.13466   0.00000   8.59831  24.32754   2.83601  50.00000  13.18772   1.28399   0.02292  
 41 21.0449   3001.431610  x:  2.82705   0.00000   1.81276  21.75539  43.08006   0.26986   7.51413  19.13469   0.00000   8.59745  24.32760   2.83663  49.99903  13.18910   1.30050   0.02300  
 42  0.4316   3001.420322  x:  2.89407   0.00000   1.83413  21.85951  43.20097   0.30789   7.65523  19.14277   0.00000   8.50376  24.32806   2.90365  49.89989  13.32479   1.29982   0.02289  
 43  0.0767   3001.409086  x:  2.92751   0.00000   1.86097  22.04471  43.42452   0.17303   7.69218  19.18980   0.00000   8.51063  24.35788   2.93709  49.72687  13.49168   1.29884   0.02284  
 44  0.1151   3001.364636  x:  2.83982   0.00000   1.91183  22.83738  44.46172   0.26083   7.79102  19.53105   0.00000   8.81115  24.56029   2.84940  48.94177  14.02394   1.29595   0.02232  
 45  0.2124   3001.353530  x:  2.71719   0.00000   1.79603  23.25343  45.16165   0.27800   7.83029  19.78138   0.00000   8.96741  24.79284   2.72677  48.47371  14.30045   1.29277   0.02214  
 46  0.3466   3001.329741  x:  2.61482   0.00000   1.33693  23.25037  45.65469   0.22906   7.92994  19.93981   0.00000   8.79422  25.16409   2.62440  48.32029  14.40315   1.28572   0.02214  
 47  0.1881   3001.323787  x:  2.66040   0.00000   1.16613  23.46521  46.11896   0.25753   7.88971  20.00381   0.00000   8.83663  25.31987   2.66998  48.13100  14.63308   1.28705   0.02198  
 48  0.1544   3001.321048  x:  2.68408   0.00000   1.08808  23.39653  46.09331   0.29151   7.80660  19.94033   0.00000   8.82415  25.33071   2.69366  48.26066  14.57656   1.28437   0.02207  
 49  0.1275   3001.315477  x:  2.65888   0.00000   0.96247  23.65239  46.51101   0.35226   7.75228  19.87958   0.00000   8.80657  25.41340   2.66846  48.36532  14.55816   1.27637   0.02194  
 50  0.0668   3001.309843  x:  2.67119   0.00000   0.81822  23.94362  46.97283   0.33394   7.75245  19.79027   0.00000   8.74202  25.47570   2.68078  48.54183  14.53999   1.28601   0.02201  
 51  0.2609   3001.299594  x:  2.73530   0.00000   0.53361  24.32206  47.64979   0.27286   7.90440  19.86177   0.00000   8.89652  25.52348   2.74489  48.76562  14.58523   1.27872   0.02183  
 52  0.1119   3001.291735  x:  2.81206   0.00000   0.08795  24.88442  48.63724   0.27782   8.10089  19.92200   0.00000   9.12319  25.54954   2.82165  49.35819  14.49002   1.27900   0.02158  
 53  0.8710   3001.288246  x:  2.80743   0.00000   0.10951  24.89634  48.61919   0.34108   8.05050  19.99048   0.00000   9.08033  25.52919   2.81702  49.56855  14.40579   1.28791   0.02162  
 54  0.0637   3001.281843  x:  2.86356   0.00000   0.00000  25.14141  49.01223   0.33205   8.06957  20.20195   0.00000   9.09450  25.58336   2.87314  49.84017  14.45110   1.28590   0.02147  
 55  0.2517   3001.281843  x:  2.86356   0.00000   0.00000  25.14141  49.01223   0.33205   8.06957  20.20195   0.00000   9.09450  25.58336   2.87314  49.84017  14.45110   1.28590   0.02147  
 56  2.8277   3001.281792  x:  2.86356   0.00000   0.00000  25.14141  49.01223   0.33205   8.06957  20.20195   0.00000   9.09450  25.58336   2.87314  49.84017  14.45110   1.28590   0.02148  
 57  7.9860   3001.281661  x:  2.86377   0.00000   0.00044  25.14146  49.01215   0.33116   8.06938  20.20229   0.00000   9.09451  25.58404   2.87335  49.84063  14.45158   1.28278   0.02147  
 58  0.0765   3001.280246  x:  2.87597   0.00000   0.02552  25.14394  49.00714   0.27843   8.05875  20.22249   0.00000   9.09601  25.62575   2.88555  49.86800  14.48199   1.28322   0.02147  
 59  0.0389   3001.273791  x:  2.91216   0.00000   0.15096  25.15464  48.98313   0.28982   8.08931  20.33436   0.00000   9.09550  25.81936   2.92174  50.00000  14.60448   1.28395   0.02136  
 60  0.0537   3001.269671  x:  2.95938   0.00000   0.39820  25.17815  48.94134   0.31689   8.13929  20.55927   0.00000   9.11837  26.19304   2.96896  50.00000  14.82206   1.28448   0.02114  
 61  0.5309   3001.267713  x:  2.92255   0.00000   0.48230  25.18830  48.94131   0.32004   8.13184  20.64617   0.00000   9.17223  26.30525   2.93212  50.00000  14.84733   1.28296   0.02113  
 62  0.0582   3001.267208  x:  2.90706   0.00000   0.50863  25.18959  48.94696   0.31486   8.13220  20.67493   0.00000   9.19146  26.33774   2.91663  50.00000  14.85384   1.28407   0.02109  
 63  0.0424   3001.266998  x:  2.88862   0.00000   0.49431  25.17170  48.98954   0.30644   8.16210  20.67098   0.00000   9.19366  26.29851   2.89820  50.00000  14.84400   1.28414   0.02110  
 64  0.0094   3001.266849  x:  2.89273   0.00000   0.54017  25.16239  49.01743   0.29759   8.18450  20.71636   0.00000   9.20313  26.35304   2.90230  50.00000  14.89508   1.28357   0.02106  
 65  0.0446   3001.266527  x:  2.88299   0.00000   0.54895  25.12826  49.13417   0.30106   8.18130  20.72337   0.00000   9.23708  26.31355   2.89256  50.00000  14.93407   1.28368   0.02105  
 66  0.0174   3001.266420  x:  2.88667   0.00000   0.57169  25.13421  49.15324   0.30894   8.17816  20.73162   0.00000   9.22349  26.34201   2.89625  50.00000  14.95525   1.28307   0.02103  
 67  0.0137   3001.266286  x:  2.87156   0.00000   0.58274  25.13033  49.23597   0.30722   8.16948  20.72484   0.00000   9.21479  26.33404   2.88113  50.00000  14.96827   1.28353   0.02104  
 68  0.0306   3001.266206  x:  2.87104   0.00000   0.57757  25.13876  49.26665   0.30499   8.17285  20.72415   0.00000   9.21675  26.36325   2.88061  50.00000  14.97311   1.28324   0.02103  
 69  0.0055   3001.266127  x:  2.87238   0.00000   0.55086  25.15423  49.33664   0.30753   8.17757  20.71280   0.00000   9.22526  26.40098   2.88196  50.00000  14.97630   1.28287   0.02102  
 70  0.0637   3001.266087  x:  2.87605   0.00000   0.53539  25.16293  49.35432   0.31366   8.17701  20.71292   0.00000   9.23017  26.38449   2.88562  50.00000  14.97133   1.28313   0.02103  
 71  0.0073   3001.265821  x:  2.89272   0.00000   0.48956  25.25592  49.48160   0.31232   8.18698  20.75638   0.00000   9.23920  26.42352   2.90230  50.00000  14.96917   1.28295   0.02099  
 72  0.0220   3001.265726  x:  2.91007   0.00000   0.44380  25.35418  49.61065   0.31017   8.19736  20.80255   0.00000   9.24830  26.46373   2.91964  50.00000  14.96747   1.28278   0.02096  
 73  0.1764   3001.265719  x:  2.90701   0.00000   0.44754  25.35221  49.60070   0.31004   8.19871  20.79308   0.00000   9.25020  26.45737   2.91659  50.00000  14.97088   1.28280   0.02096  
 74  0.0021   3001.265715  x:  2.90765   0.00000   0.44376  25.36837  49.61445   0.30966   8.20212  20.79570   0.00000   9.25386  26.46196   2.91722  50.00000  14.97538   1.28274   0.02095  
 75  0.0138   3001.265713  x:  2.90681   0.00000   0.43905  25.36758  49.61422   0.30996   8.19999  20.79958   0.00000   9.25111  26.46294   2.91638  50.00000  14.97638   1.28271   0.02095  
 76  0.0009   3001.265706  x:  2.89899   0.00000   0.43079  25.37944  49.61461   0.31032   8.20128  20.79657   0.00000   9.25280  26.46162   2.90856  50.00000  14.99399   1.28257   0.02095  
 77  0.0061   3001.265706  x:  2.89861   0.00000   0.42984  25.37911  49.61418   0.31039   8.20082  20.79713   0.00000   9.25222  26.46164   2.90819  50.00000  14.99450   1.28256   0.02095  